1.527000000000000000e+03
1.116000000000000000e+03
1.727000000000000000e+03
3.254000000000000000e+03
5.803000000000000000e+03
7.389000000000000000e+03
1.272300000000000000e+04
1.070800000000000000e+04
1.232100000000000000e+04
3.055000000000000000e+04
9.747000000000000000e+03
1.622000000000000000e+04
3.223200000000000000e+04
2.268400000000000000e+04
2.785700000000000000e+04
5.190800000000000000e+04
1.324520000000000000e+05
2.245809000000000000e+06
9.073674000000000000e+06
1.747100000000000000e+04
5.200000000000000000e+02
4.150000000000000000e+02
2.800000000000000000e+02
1.840000000000000000e+02
1.150000000000000000e+02
1.660000000000000000e+02
1.470000000000000000e+02
1.360000000000000000e+02
8.300000000000000000e+01
2.800000000000000000e+01
4.300000000000000000e+01
4.600000000000000000e+01
1.300000000000000000e+01
8.000000000000000000e+00
3.000000000000000000e+00
2.000000000000000000e+00
6.000000000000000000e+00
1.700000000000000000e+01
3.300000000000000000e+01
1.200000000000000000e+01
3.500000000000000000e+01
5.000000000000000000e+00
9.000000000000000000e+00
1.000000000000000000e+00
5.000000000000000000e+01
1.900000000000000000e+01
1.900000000000000000e+01
1.500000000000000000e+01
7.000000000000000000e+00
4.400000000000000000e+01
2.155600000000000000e+04
