0.000000000000000000e+00
0.000000000000000000e+00
0.000000000000000000e+00
0.000000000000000000e+00
0.000000000000000000e+00
1.000000000000000000e+00
9.000000000000000000e+00
1.000000000000000000e+01
2.800000000000000000e+01
2.200000000000000000e+01
1.190000000000000000e+02
1.340000000000000000e+02
1.660000000000000000e+02
2.180000000000000000e+02
2.290000000000000000e+02
1.710000000000000000e+02
3.270000000000000000e+02
2.500000000000000000e+02
5.090000000000000000e+02
9.930000000000000000e+02
1.081000000000000000e+03
1.501000000000000000e+03
3.373000000000000000e+03
8.595000000000000000e+03
8.398000000000000000e+03
1.453200000000000000e+04
9.435000000000000000e+03
1.170300000000000000e+04
2.279600000000000000e+04
1.422300000000000000e+04
1.779200000000000000e+04
3.353400000000000000e+04
3.066800000000000000e+04
3.539800000000000000e+04
5.173300000000000000e+04
1.355100000000000000e+05
5.445210000000000000e+05
1.037588000000000000e+07
2.551130000000000000e+05
7.512000000000000000e+04
1.531100000000000000e+04
1.071900000000000000e+04
6.599000000000000000e+03
5.430000000000000000e+03
5.731000000000000000e+03
4.902000000000000000e+03
4.005000000000000000e+03
3.585000000000000000e+03
3.019000000000000000e+03
2.779600000000000000e+04
0.000000000000000000e+00
