1.652900000000000000e+04
1.499400000000000000e+04
3.170400000000000000e+04
2.852200000000000000e+04
4.950100000000000000e+04
5.285000000000000000e+04
2.108500000000000000e+04
3.185400000000000000e+04
5.751200000000000000e+04
1.293010000000000000e+05
1.482960000000000000e+05
4.618102000000000000e+06
1.080800000000000000e+04
1.300000000000000000e+02
1.510000000000000000e+02
2.390000000000000000e+02
7.400000000000000000e+01
1.240000000000000000e+02
9.100000000000000000e+01
3.000000000000000000e+01
5.500000000000000000e+01
3.600000000000000000e+01
1.160000000000000000e+02
7.000000000000000000e+01
3.100000000000000000e+01
4.400000000000000000e+01
4.100000000000000000e+01
7.000000000000000000e+00
1.700000000000000000e+01
5.000000000000000000e+00
4.000000000000000000e+00
3.000000000000000000e+00
0.000000000000000000e+00
1.000000000000000000e+00
0.000000000000000000e+00
1.000000000000000000e+00
1.000000000000000000e+00
0.000000000000000000e+00
3.000000000000000000e+00
1.000000000000000000e+00
1.000000000000000000e+00
0.000000000000000000e+00
1.000000000000000000e+00
1.000000000000000000e+00
1.000000000000000000e+00
0.000000000000000000e+00
0.000000000000000000e+00
0.000000000000000000e+00
3.000000000000000000e+00
4.000000000000000000e+00
6.869000000000000000e+03
