0.000000000000000000e+00
0.000000000000000000e+00
0.000000000000000000e+00
0.000000000000000000e+00
0.000000000000000000e+00
8.000000000000000000e+00
1.600000000000000000e+01
4.400000000000000000e+01
4.900000000000000000e+01
1.560000000000000000e+02
9.800000000000000000e+01
1.940000000000000000e+02
1.660000000000000000e+02
2.550000000000000000e+02
3.260000000000000000e+02
4.450000000000000000e+02
1.701000000000000000e+03
1.963000000000000000e+03
2.655000000000000000e+03
1.406400000000000000e+04
1.712500000000000000e+04
2.947700000000000000e+04
3.189000000000000000e+04
4.806600000000000000e+04
5.202500000000000000e+04
2.987900000000000000e+04
3.610700000000000000e+04
5.699400000000000000e+04
9.488400000000000000e+04
3.759200000000000000e+05
3.524530000000000000e+06
7.978230000000000000e+05
4.042000000000000000e+04
1.202400000000000000e+04
5.732000000000000000e+03
4.560000000000000000e+03
5.225000000000000000e+03
2.803000000000000000e+03
3.532000000000000000e+03
7.334000000000000000e+03
7.704000000000000000e+03
2.476000000000000000e+03
1.791000000000000000e+03
8.320000000000000000e+02
1.020000000000000000e+02
1.070000000000000000e+02
1.950000000000000000e+02
7.000000000000000000e+01
4.000000000000000000e+01
7.406000000000000000e+03
0.000000000000000000e+00
