0.000000000000000000e+00
0.000000000000000000e+00
0.000000000000000000e+00
0.000000000000000000e+00
0.000000000000000000e+00
0.000000000000000000e+00
1.170000000000000000e+02
3.470000000000000000e+02
6.800000000000000000e+01
8.600000000000000000e+01
1.610000000000000000e+02
2.430000000000000000e+02
5.400000000000000000e+02
2.940000000000000000e+02
5.750000000000000000e+02
1.145000000000000000e+03
1.268000000000000000e+03
6.640000000000000000e+02
1.597000000000000000e+03
1.218000000000000000e+03
1.412000000000000000e+03
1.349000000000000000e+03
1.197000000000000000e+03
1.634000000000000000e+03
3.633000000000000000e+03
9.291000000000000000e+03
9.029000000000000000e+03
1.562700000000000000e+04
1.036900000000000000e+04
1.267700000000000000e+04
2.492400000000000000e+04
1.546400000000000000e+04
1.879800000000000000e+04
3.617700000000000000e+04
3.182700000000000000e+04
3.721000000000000000e+04
5.574400000000000000e+04
1.401530000000000000e+05
5.564630000000000000e+05
1.057521800000000000e+07
9.172020000000000000e+05
9.937400000000000000e+04
3.617900000000000000e+04
1.465000000000000000e+04
9.245000000000000000e+03
7.190000000000000000e+03
6.498000000000000000e+03
5.418000000000000000e+03
4.597000000000000000e+03
3.996000000000000000e+03
3.286000000000000000e+03
2.814000000000000000e+03
2.783000000000000000e+03
0.000000000000000000e+00
0.000000000000000000e+00
0.000000000000000000e+00
0.000000000000000000e+00
0.000000000000000000e+00
0.000000000000000000e+00
0.000000000000000000e+00
0.000000000000000000e+00
