9.647000000000000000e+03
1.659000000000000000e+03
1.270000000000000000e+03
1.972000000000000000e+03
3.728000000000000000e+03
6.255000000000000000e+03
8.365000000000000000e+03
1.372600000000000000e+04
1.271500000000000000e+04
1.501800000000000000e+04
3.403800000000000000e+04
1.061600000000000000e+04
1.797200000000000000e+04
3.534600000000000000e+04
2.455900000000000000e+04
3.151100000000000000e+04
5.971600000000000000e+04
1.806800000000000000e+05
2.545515000000000000e+06
9.644392000000000000e+06
1.871300000000000000e+04
5.510000000000000000e+02
4.480000000000000000e+02
2.900000000000000000e+02
2.030000000000000000e+02
1.300000000000000000e+02
1.770000000000000000e+02
1.590000000000000000e+02
1.460000000000000000e+02
8.800000000000000000e+01
2.800000000000000000e+01
5.000000000000000000e+01
5.000000000000000000e+01
7.000000000000000000e+00
9.000000000000000000e+00
0.000000000000000000e+00
2.000000000000000000e+00
0.000000000000000000e+00
0.000000000000000000e+00
0.000000000000000000e+00
0.000000000000000000e+00
0.000000000000000000e+00
0.000000000000000000e+00
0.000000000000000000e+00
0.000000000000000000e+00
0.000000000000000000e+00
0.000000000000000000e+00
0.000000000000000000e+00
0.000000000000000000e+00
0.000000000000000000e+00
0.000000000000000000e+00
0.000000000000000000e+00
0.000000000000000000e+00
0.000000000000000000e+00
0.000000000000000000e+00
0.000000000000000000e+00
0.000000000000000000e+00
0.000000000000000000e+00
0.000000000000000000e+00
0.000000000000000000e+00
0.000000000000000000e+00
