1.777600000000000000e+04
2.495900000000000000e+04
4.196500000000000000e+04
1.042020000000000000e+05
6.649090000000000000e+05
1.258895100000000000e+07
3.976852000000000000e+06
4.656250000000000000e+05
1.079410000000000000e+05
3.889100000000000000e+04
2.073200000000000000e+04
2.078000000000000000e+04
1.295300000000000000e+04
1.233200000000000000e+04
2.272700000000000000e+04
1.866100000000000000e+04
1.238500000000000000e+04
8.315000000000000000e+03
5.739000000000000000e+03
2.773000000000000000e+03
8.120000000000000000e+02
