5.954600000000000000e+04
1.851100000000000000e+04
1.925100000000000000e+04
3.749300000000000000e+04
3.003200000000000000e+04
5.132900000000000000e+04
5.463900000000000000e+04
2.297300000000000000e+04
3.711800000000000000e+04
6.735700000000000000e+04
1.368220000000000000e+05
2.906160000000000000e+05
4.716539000000000000e+06
1.240700000000000000e+04
1.560000000000000000e+02
1.630000000000000000e+02
2.440000000000000000e+02
8.200000000000000000e+01
1.320000000000000000e+02
9.800000000000000000e+01
3.700000000000000000e+01
5.300000000000000000e+01
4.400000000000000000e+01
1.250000000000000000e+02
7.300000000000000000e+01
3.800000000000000000e+01
4.700000000000000000e+01
4.200000000000000000e+01
4.000000000000000000e+00
1.800000000000000000e+01
3.000000000000000000e+00
0.000000000000000000e+00
0.000000000000000000e+00
0.000000000000000000e+00
3.000000000000000000e+00
0.000000000000000000e+00
1.000000000000000000e+00
0.000000000000000000e+00
0.000000000000000000e+00
0.000000000000000000e+00
0.000000000000000000e+00
0.000000000000000000e+00
0.000000000000000000e+00
0.000000000000000000e+00
0.000000000000000000e+00
0.000000000000000000e+00
0.000000000000000000e+00
0.000000000000000000e+00
0.000000000000000000e+00
0.000000000000000000e+00
0.000000000000000000e+00
0.000000000000000000e+00
0.000000000000000000e+00
0.000000000000000000e+00
0.000000000000000000e+00
0.000000000000000000e+00
0.000000000000000000e+00
0.000000000000000000e+00
0.000000000000000000e+00
0.000000000000000000e+00
0.000000000000000000e+00
