0.000000000000000000e+00
0.000000000000000000e+00
0.000000000000000000e+00
0.000000000000000000e+00
0.000000000000000000e+00
0.000000000000000000e+00
1.030000000000000000e+02
1.170000000000000000e+02
1.620000000000000000e+02
1.500000000000000000e+02
1.460000000000000000e+02
2.340000000000000000e+02
2.920000000000000000e+02
4.840000000000000000e+02
1.088000000000000000e+03
3.257000000000000000e+03
4.431000000000000000e+03
7.754000000000000000e+03
1.457700000000000000e+04
1.069200000000000000e+04
1.634300000000000000e+04
2.027800000000000000e+04
1.954200000000000000e+04
3.414600000000000000e+04
3.799200000000000000e+04
5.052000000000000000e+04
5.379600000000000000e+04
3.173400000000000000e+04
3.838600000000000000e+04
6.225100000000000000e+04
1.048220000000000000e+05
3.878880000000000000e+05
3.633174000000000000e+06
8.818640000000000000e+05
6.668600000000000000e+04
1.946200000000000000e+04
8.373000000000000000e+03
6.009000000000000000e+03
6.255000000000000000e+03
3.388000000000000000e+03
4.303000000000000000e+03
8.578000000000000000e+03
8.948000000000000000e+03
3.221000000000000000e+03
2.183000000000000000e+03
1.359000000000000000e+03
3.540000000000000000e+02
1.720000000000000000e+02
2.380000000000000000e+02
9.700000000000000000e+01
5.000000000000000000e+01
4.800000000000000000e+01
4.900000000000000000e+01
0.000000000000000000e+00
0.000000000000000000e+00
0.000000000000000000e+00
0.000000000000000000e+00
0.000000000000000000e+00
0.000000000000000000e+00
0.000000000000000000e+00
0.000000000000000000e+00
